Embedding 0, length384:
[-4.49467339e-02  3.16981003e-02  4.67655584e-02  6.80918805e-03
 -4.15657461e-02  5.44946641e-03  8.27246085e-02 -3.24519686e-02
 -5.77813871e-02  9.41331126e-03  1.65321417e-02 -5.32234013e-02
  5.65972812e-02 -4.92199957e-02  6.32197456e-03  6.12592809e-02
  3.63720668e-04  1.17489062e-02 -7.88411275e-02 -4.87610623e-02
 -6.63191229e-02 -2.35746820e-02 -3.50234956e-02  2.37546265e-02
 -3.27523053e-02 -6.09238520e-02 -3.06233652e-02  2.11597793e-02
  5.23913540e-02 -9.47303995e-02  3.49328034e-02  9.35743973e-02
  1.55290198e-02 -1.65672544e-02  3.92923132e-03  1.80402957e-02
  2.62035690e-02 -9.47200507e-03  3.09121180e-02 -5.36955427e-03
  3.14902104e-02  8.60807151e-02  9.20034200e-03 -6.40629604e-02
 -1.33376499e-03 -2.44004950e-02  2.55020522e-03 -1.51734091e-02
 -7.69388899e-02 -9.64319631e-02 -7.19485013e-03  8.07189569e-02
  3.85675952e-02  6.97138086e-02  1.60732921e-02 -4.76752482e-02
  4.47680317e-02  2.66288333e-02 -3.95291485e-02 -3.06886770e-02
 -5.61495312e-02 -1.01047447e-02 -5.49831614e-02 -4.29489166e-02
  1.03605799e-01  2.99828071e-02  1.31514212e-02  5.77083498e-04
 -2.42719166e-02  1.49020195e-01 -1.64831262e-02  3.57186748e-03
 -1.24294244e-01  5.42725362e-02  1.37706464e-02  4.85869981e-02
 -2.20714789e-02 -4.03247923e-02 -1.31569039e-02 -1.00019611e-02
 -8.30054730e-02 -7.81878307e-02  4.21965457e-02 -4.59033512e-02
  6.13757297e-02 -6.31643459e-03 -6.18764758e-02 -1.61920320e-02
 -3.31930793e-03 -6.00148290e-02  3.19939703e-02  3.66437212e-02
  2.50671282e-02  6.04983680e-02  5.91326877e-02  6.65782616e-02
  7.30758533e-02 -5.37528731e-02  7.63192354e-03  6.36698082e-02
  1.32687226e-01  7.77334571e-02 -4.90228869e-02 -2.77990773e-02
  5.03949113e-02 -5.09383343e-03  7.54934624e-02 -2.01764908e-02
 -8.62042233e-03 -1.64606329e-02  2.24872655e-03  4.91028302e-04
  3.45714390e-02 -2.91587152e-02 -2.55414173e-02 -2.30028387e-02
  1.01981601e-02  1.29692242e-01 -9.10595208e-02 -2.49614846e-02
  2.44986136e-02  8.67453869e-03  2.84093115e-02  5.96901923e-02
 -2.56462973e-02  2.32844939e-03 -4.84309494e-02  1.20450408e-32
  3.85122932e-02  2.51810718e-02  2.17400473e-02 -2.67630834e-02
  9.92214531e-02 -1.64909456e-02 -2.62725968e-02 -7.47843459e-02
 -3.04730944e-02  1.53156528e-02  1.53364278e-02 -8.98666214e-03
 -4.33968902e-02 -3.81787866e-02  8.65293294e-02 -6.55437931e-02
 -7.99078047e-02 -3.82914618e-02  1.38754621e-02 -4.02528830e-02
  2.46962160e-02 -6.50748909e-02 -6.27316684e-02 -4.70664911e-02
  1.32654412e-02  6.10904209e-02  5.49000129e-02  3.09562534e-02
 -2.76627559e-02  1.62871890e-02 -4.30040173e-02  1.84971485e-02
 -3.92991081e-02 -3.62093300e-02 -4.45827879e-02 -1.00571811e-02
 -1.41877523e-02  3.20376940e-02 -1.09402426e-02 -3.87854874e-02
  1.63476577e-03  2.31276508e-02  2.36761477e-02  8.21559690e-03
  3.40012498e-02 -1.41142569e-02 -1.09988619e-02  9.32346936e-03
  4.23822552e-02  2.01552664e-03 -4.81453314e-02 -5.82389273e-02
 -5.45375459e-02  1.56624953e-03  4.96694483e-02 -9.48470086e-02
  6.26329854e-02 -1.20537775e-02 -2.82454193e-02  5.90320267e-02
  2.33788416e-02 -4.79056202e-02 -2.89459471e-02 -1.92725146e-03
 -3.45155038e-02  1.09620020e-01 -5.15753105e-02 -4.20757383e-02
 -2.52771359e-02  4.24552523e-03 -4.47077043e-02 -1.49738695e-02
  3.53051946e-02 -5.75604513e-02  5.90737872e-02 -1.01875864e-01
 -1.65586788e-02 -7.05771297e-02  4.52442020e-02 -7.61742443e-02
  1.45519013e-03 -8.01294222e-02 -5.00833914e-02  4.62261625e-02
 -1.23025887e-01 -1.24046080e-01  2.23324150e-02  1.86754316e-02
 -6.28362074e-02 -2.02546325e-02 -4.97750789e-02 -1.13563193e-02
  1.71659425e-01 -9.82914865e-03 -1.35421962e-01 -1.04041198e-32
 -1.19282462e-01  7.13991225e-02  3.24063972e-02  7.35447109e-02
  4.09947559e-02 -3.45763043e-02  6.98021203e-02 -1.08886315e-02
  8.98442045e-03 -7.14000389e-02 -1.97107308e-02  3.73647064e-02
 -1.46422219e-02  2.83951964e-03 -3.50087322e-02  3.27177532e-02
  2.10559438e-03  5.53806685e-02  7.01035261e-02  5.48600331e-02
  4.50831763e-02 -2.12530307e-02 -1.47841331e-02  4.57823277e-02
 -1.81202535e-02  1.07185036e-01  2.97198892e-02 -4.07747515e-02
  8.25056434e-02  1.66014396e-02  3.41592915e-02 -3.66019532e-02
 -6.99233413e-02 -9.36755259e-03  6.12366609e-02 -3.57919671e-02
  9.10646170e-02  5.35825826e-02 -9.82584804e-02  7.36293383e-03
  1.90735683e-02  2.00521629e-02  9.97296348e-03 -1.21875452e-02
  5.53885549e-02  4.17725183e-02 -9.01612565e-02  1.55073758e-02
 -1.27670348e-01  2.37071123e-02 -1.27231807e-03  1.70065258e-02
  2.34081168e-02  1.06325388e-01 -9.45460796e-02  1.73033848e-02
 -6.13765558e-03  4.39199284e-02 -2.10148375e-02  5.09875789e-02
 -1.51577473e-01  3.56933139e-02  4.81832586e-02  2.75724754e-02
  3.23626921e-02 -1.44176790e-02 -2.97143031e-02  1.02809563e-01
  5.63031659e-02 -6.24360815e-02  4.66574244e-02  6.69065979e-04
  3.08856950e-03 -3.55421677e-02  3.75277102e-02  7.50581175e-02
 -3.81126329e-02 -6.68276288e-03 -2.58841366e-03  7.90812746e-02
  2.90359240e-02  8.51752609e-02  1.88262656e-03 -1.79236047e-02
 -5.71853220e-02 -2.32184064e-02  3.84061635e-02  2.15026177e-02
  2.45548878e-02 -1.38406465e-02 -6.32764120e-03  3.45761590e-02
  9.81129035e-02  3.38437743e-02  8.85922648e-03 -6.32663841e-08
 -7.06379041e-02 -8.62309635e-02  9.11862683e-03  1.55288144e-03
  6.61301240e-02  5.03512053e-03  3.56350131e-02 -5.34575917e-02
 -4.01977114e-02 -2.75341142e-02  3.26459967e-02  1.51355108e-02
 -5.64639233e-02  2.81989500e-02  3.70745808e-02 -1.29882982e-02
 -6.78483695e-02  1.78885143e-02 -1.87236536e-02 -4.11773026e-02
  3.98310348e-02  7.99118429e-02  2.68631186e-02 -9.52809528e-02
 -5.66176698e-02 -1.88757833e-02 -5.66339716e-02  1.63087081e-02
 -2.67488565e-02  5.03876582e-02 -1.21603282e-02 -2.71262899e-02
  8.91622677e-02  4.33866829e-02  4.53468710e-02  2.09899209e-02
 -5.49148358e-02 -2.77260561e-02  1.82085426e-03  6.98183849e-02
 -6.59071207e-02  2.37102732e-02 -1.32545754e-02 -4.90987580e-03
  1.11030489e-01 -8.42643455e-02 -2.15499103e-02 -2.43272688e-02
  6.83275685e-02  7.89352804e-02  5.53907547e-03  5.27155623e-02
  1.07014738e-02 -6.44371659e-02  6.13147905e-03  3.72207761e-02
 -9.28409696e-02  4.31365259e-02 -9.60215647e-03 -5.30278906e-02
  7.96083659e-02  2.58902973e-03 -3.11104506e-02  2.92651709e-02]

Embedding 1, length384:
[-3.04556340e-02  4.08049040e-02  1.16528468e-02  8.25545043e-02
 -5.78347892e-02 -7.41130114e-02 -6.33639377e-03 -7.09382668e-02
 -1.11462936e-01 -1.61317848e-02  1.64835826e-02 -8.05155933e-02
  4.16903272e-02 -2.00701039e-02 -8.56380835e-02  6.02510273e-02
  7.74556957e-03 -1.37763172e-02  4.40227017e-02 -1.62064191e-02
 -1.49456365e-02  3.22371647e-02  3.55754048e-03  5.35938442e-02
 -2.06180662e-02 -4.32746857e-02  2.43387854e-04  3.05763073e-02
  7.87290279e-03 -6.33511692e-02  5.58965690e-02  2.03433689e-02
 -1.24442736e-02  3.16078290e-02  3.51180807e-02  3.58490944e-02
  4.71408442e-02 -8.93207788e-02  6.40924349e-02 -3.12387440e-02
  6.03138134e-02  3.29839028e-02 -4.05638292e-02 -4.38449904e-02
  4.77728527e-03  3.24305184e-02  8.28199759e-02  1.99186639e-03
 -3.33925001e-02 -1.41922280e-01 -1.91428454e-03  7.75348321e-02
  5.21511510e-02  4.48227264e-02  3.05622518e-02  5.30457720e-02
  8.65765363e-02  1.75372642e-02 -6.61703497e-02 -2.06208732e-02
 -4.15963633e-03 -5.35417497e-02 -2.36215573e-02 -3.09261419e-02
  1.12017617e-01  5.39088361e-02  1.07162763e-04 -2.30022687e-02
 -1.82188246e-02  9.48639810e-02 -1.28079357e-03 -2.60509867e-02
 -2.24063285e-02  9.38141942e-02  9.95502993e-03  1.51899299e-02
 -1.16223684e-02  2.68408600e-02  5.58976084e-02  1.32324034e-02
 -5.78133985e-02 -1.37938172e-01  3.65573950e-02  2.26655658e-02
  9.59315896e-02  2.45245025e-02 -3.99589352e-02 -2.68857442e-02
 -1.19990399e-02 -5.47453836e-02 -4.48227189e-02 -1.36753637e-02
  4.30104397e-02  6.02779575e-02  5.90590537e-02  8.15125275e-03
  8.18444416e-02 -3.46758701e-02  5.22622988e-02 -3.16751376e-02
  8.75408947e-02  1.81239229e-02 -6.85551157e-03  7.00512528e-03
  2.03485359e-02  7.18765147e-03  5.74908555e-02  4.99839298e-02
 -5.47883213e-02 -2.04451960e-02  2.08363328e-02  3.74282300e-02
  7.65424073e-02 -1.18252309e-02 -8.04938935e-03  3.01271360e-02
 -5.17867692e-02  1.32553190e-01 -9.56235901e-02 -2.51996536e-02
 -7.27885738e-02  3.89353223e-02 -7.39146546e-02 -2.20105201e-02
 -5.39160296e-02  1.51277184e-02 -8.32443610e-02  5.49885311e-33
  6.71975017e-02  7.21263289e-02 -6.26303302e-03 -1.41706597e-02
  1.42681245e-02  1.67573411e-02 -3.60146686e-02 -3.05673592e-02
 -5.68870418e-02 -4.77752239e-02  3.50111052e-02 -9.45374593e-02
 -1.38245421e-02  7.71190180e-03  1.01122014e-01 -7.10660890e-02
 -4.90302555e-02 -6.79078773e-02  3.14143971e-02 -7.19710346e-03
  5.11391759e-02 -7.44025931e-02 -3.15845385e-02 -1.99637618e-02
  1.28297359e-02  2.89386604e-02  9.00362208e-02  3.76149197e-03
 -1.42606944e-02  1.24377850e-02 -6.78821355e-02  5.73336482e-02
 -1.48402462e-02 -5.50985560e-02  2.03428920e-02 -2.81421784e-02
  2.33564600e-02  8.13964196e-03 -4.57829945e-02 -4.69633639e-02
 -1.66855417e-02  2.03273334e-02  1.13618001e-02  1.54518627e-03
 -4.00992436e-03 -3.96977179e-02  1.82440616e-02 -4.95690778e-02
  3.95020358e-02 -3.66942538e-03 -1.53412810e-02 -9.12425816e-02
 -3.79117243e-02 -1.45957689e-04  8.43173787e-02 -8.65730941e-02
  9.98954028e-02 -3.72050740e-02  1.83581188e-02  6.92366883e-02
  2.44940072e-02 -3.63587476e-02 -4.27345335e-02  1.81859303e-02
 -3.45775113e-02  1.24565855e-01 -2.71569435e-02 -4.65288907e-02
 -6.00867830e-02  1.61967557e-02 -3.34097333e-02  1.15809171e-02
  2.28410047e-02 -6.01170696e-02  6.37540296e-02 -6.88164905e-02
 -3.11738551e-02 -8.87658074e-02  6.54665753e-02 -6.75284043e-02
 -1.64779779e-02 -8.28324109e-02 -9.76820886e-02  5.09212837e-02
 -8.19765776e-02 -4.59109880e-02 -1.96394306e-02  7.95701891e-03
 -9.71941128e-02 -5.14833592e-02  1.87482941e-03 -1.14461288e-01
  1.88694641e-01  3.66386473e-02 -1.46650165e-01 -6.76504052e-33
 -7.57005811e-02  2.29466073e-02  1.96098965e-02  9.87708643e-02
  3.14069865e-03 -8.37153196e-03  1.28513854e-02 -1.65032316e-02
  5.13676777e-02 -2.23033540e-02 -5.32814339e-02 -1.01357922e-02
 -8.08984623e-04  4.39555086e-02 -2.96464451e-02 -2.50269342e-02
  7.71872280e-03 -4.61646765e-02  6.95136487e-02  5.50081655e-02
  1.48268074e-01  8.05337098e-04  7.42223440e-03 -3.51586081e-02
 -9.70343186e-04  9.28608477e-02  1.49860904e-02  1.80656835e-02
  4.49757352e-02 -5.52490614e-02  1.59392972e-02  2.42132950e-03
 -5.39273676e-03  4.52686362e-02  1.44524574e-02 -1.86856575e-02
  4.79832245e-03  1.28756389e-02 -9.56442300e-03 -4.06220891e-02
  4.52817529e-02  6.31289408e-02 -7.28535131e-02  6.62764767e-03
  5.89074120e-02  4.52296026e-02 -4.47129644e-02  2.52271015e-02
 -6.73366711e-02  3.96976955e-02 -4.18068096e-02  1.15363766e-02
  6.97849644e-03  8.43810067e-02 -3.26719843e-02  4.63057356e-03
  2.17040908e-02  1.14028208e-01  9.69202537e-03  7.48405531e-02
 -9.48168412e-02  2.09138878e-02  1.12260088e-01  4.87587042e-02
 -1.78001877e-02  8.52009282e-03 -1.98771451e-02  9.20584202e-02
  5.68711944e-02 -5.29954992e-02  3.03089190e-02  3.61438245e-02
  2.40618698e-02 -9.93410423e-02  5.25969379e-02  4.26680371e-02
 -1.14014961e-01 -5.53614018e-06  8.29978194e-03  2.20267219e-03
  5.27340807e-02 -4.96583944e-03 -4.07887064e-03  6.60992786e-02
 -8.04055575e-03 -1.37973502e-02 -9.78785846e-03 -1.57343075e-02
  3.01518068e-02 -3.09523176e-02 -4.71727736e-02  2.14673448e-02
  3.64107713e-02 -1.01047207e-03 -4.65234481e-02 -5.25333483e-08
 -4.58798707e-02 -5.25898226e-02 -1.26813594e-02 -1.09672854e-02
  8.85512978e-02 -6.89523593e-02  3.04854270e-02 -4.49534692e-02
  3.79105583e-02 -7.01143220e-02 -5.09914663e-03 -8.28724578e-02
 -3.24029550e-02 -2.17760876e-02  2.60439459e-02 -2.02704798e-02
 -1.50468415e-02  1.82939749e-02 -2.56945752e-02 -1.84990875e-02
 -1.52288955e-02  2.00655032e-03  3.98949860e-03  8.43699276e-03
 -2.28797961e-02 -4.02927957e-02 -3.76441814e-02  1.71093829e-02
 -6.63268147e-03 -3.14871632e-02 -4.09987159e-02 -5.73396124e-03
  1.28205106e-01  1.10682279e-01 -8.08022022e-02  6.39856933e-03
 -1.05280988e-02 -4.41439496e-03  7.30775967e-02  1.81567930e-02
 -6.88840821e-02 -1.59451421e-02 -3.20400037e-02 -6.41451101e-04
 -1.26974527e-02 -5.55632599e-02  1.38252070e-02 -2.96829292e-03
  1.37642315e-02  7.53173903e-02 -6.14213385e-02  2.06981432e-02
 -1.43131921e-02 -4.10587527e-02  1.95800746e-03  1.42169464e-02
 -4.21453714e-02 -3.50302085e-02 -1.47625515e-02  7.24672303e-02
  8.42454433e-02 -4.85174134e-02 -4.00648788e-02  4.83952984e-02]
Embedding 0, length384:
[-4.49467339e-02  3.16981003e-02  4.67655584e-02  6.80918805e-03
 -4.15657461e-02  5.44946641e-03  8.27246085e-02 -3.24519686e-02
 -5.77813871e-02  9.41331126e-03  1.65321417e-02 -5.32234013e-02
  5.65972812e-02 -4.92199957e-02  6.32197456e-03  6.12592809e-02
  3.63720668e-04  1.17489062e-02 -7.88411275e-02 -4.87610623e-02
 -6.63191229e-02 -2.35746820e-02 -3.50234956e-02  2.37546265e-02
 -3.27523053e-02 -6.09238520e-02 -3.06233652e-02  2.11597793e-02
  5.23913540e-02 -9.47303995e-02  3.49328034e-02  9.35743973e-02
  1.55290198e-02 -1.65672544e-02  3.92923132e-03  1.80402957e-02
  2.62035690e-02 -9.47200507e-03  3.09121180e-02 -5.36955427e-03
  3.14902104e-02  8.60807151e-02  9.20034200e-03 -6.40629604e-02
 -1.33376499e-03 -2.44004950e-02  2.55020522e-03 -1.51734091e-02
 -7.69388899e-02 -9.64319631e-02 -7.19485013e-03  8.07189569e-02
  3.85675952e-02  6.97138086e-02  1.60732921e-02 -4.76752482e-02
  4.47680317e-02  2.66288333e-02 -3.95291485e-02 -3.06886770e-02
 -5.61495312e-02 -1.01047447e-02 -5.49831614e-02 -4.29489166e-02
  1.03605799e-01  2.99828071e-02  1.31514212e-02  5.77083498e-04
 -2.42719166e-02  1.49020195e-01 -1.64831262e-02  3.57186748e-03
 -1.24294244e-01  5.42725362e-02  1.37706464e-02  4.85869981e-02
 -2.20714789e-02 -4.03247923e-02 -1.31569039e-02 -1.00019611e-02
 -8.30054730e-02 -7.81878307e-02  4.21965457e-02 -4.59033512e-02
  6.13757297e-02 -6.31643459e-03 -6.18764758e-02 -1.61920320e-02
 -3.31930793e-03 -6.00148290e-02  3.19939703e-02  3.66437212e-02
  2.50671282e-02  6.04983680e-02  5.91326877e-02  6.65782616e-02
  7.30758533e-02 -5.37528731e-02  7.63192354e-03  6.36698082e-02
  1.32687226e-01  7.77334571e-02 -4.90228869e-02 -2.77990773e-02
  5.03949113e-02 -5.09383343e-03  7.54934624e-02 -2.01764908e-02
 -8.62042233e-03 -1.64606329e-02  2.24872655e-03  4.91028302e-04
  3.45714390e-02 -2.91587152e-02 -2.55414173e-02 -2.30028387e-02
  1.01981601e-02  1.29692242e-01 -9.10595208e-02 -2.49614846e-02
  2.44986136e-02  8.67453869e-03  2.84093115e-02  5.96901923e-02
 -2.56462973e-02  2.32844939e-03 -4.84309494e-02  1.20450408e-32
  3.85122932e-02  2.51810718e-02  2.17400473e-02 -2.67630834e-02
  9.92214531e-02 -1.64909456e-02 -2.62725968e-02 -7.47843459e-02
 -3.04730944e-02  1.53156528e-02  1.53364278e-02 -8.98666214e-03
 -4.33968902e-02 -3.81787866e-02  8.65293294e-02 -6.55437931e-02
 -7.99078047e-02 -3.82914618e-02  1.38754621e-02 -4.02528830e-02
  2.46962160e-02 -6.50748909e-02 -6.27316684e-02 -4.70664911e-02
  1.32654412e-02  6.10904209e-02  5.49000129e-02  3.09562534e-02
 -2.76627559e-02  1.62871890e-02 -4.30040173e-02  1.84971485e-02
 -3.92991081e-02 -3.62093300e-02 -4.45827879e-02 -1.00571811e-02
 -1.41877523e-02  3.20376940e-02 -1.09402426e-02 -3.87854874e-02
  1.63476577e-03  2.31276508e-02  2.36761477e-02  8.21559690e-03
  3.40012498e-02 -1.41142569e-02 -1.09988619e-02  9.32346936e-03
  4.23822552e-02  2.01552664e-03 -4.81453314e-02 -5.82389273e-02
 -5.45375459e-02  1.56624953e-03  4.96694483e-02 -9.48470086e-02
  6.26329854e-02 -1.20537775e-02 -2.82454193e-02  5.90320267e-02
  2.33788416e-02 -4.79056202e-02 -2.89459471e-02 -1.92725146e-03
 -3.45155038e-02  1.09620020e-01 -5.15753105e-02 -4.20757383e-02
 -2.52771359e-02  4.24552523e-03 -4.47077043e-02 -1.49738695e-02
  3.53051946e-02 -5.75604513e-02  5.90737872e-02 -1.01875864e-01
 -1.65586788e-02 -7.05771297e-02  4.52442020e-02 -7.61742443e-02
  1.45519013e-03 -8.01294222e-02 -5.00833914e-02  4.62261625e-02
 -1.23025887e-01 -1.24046080e-01  2.23324150e-02  1.86754316e-02
 -6.28362074e-02 -2.02546325e-02 -4.97750789e-02 -1.13563193e-02
  1.71659425e-01 -9.82914865e-03 -1.35421962e-01 -1.04041198e-32
 -1.19282462e-01  7.13991225e-02  3.24063972e-02  7.35447109e-02
  4.09947559e-02 -3.45763043e-02  6.98021203e-02 -1.08886315e-02
  8.98442045e-03 -7.14000389e-02 -1.97107308e-02  3.73647064e-02
 -1.46422219e-02  2.83951964e-03 -3.50087322e-02  3.27177532e-02
  2.10559438e-03  5.53806685e-02  7.01035261e-02  5.48600331e-02
  4.50831763e-02 -2.12530307e-02 -1.47841331e-02  4.57823277e-02
 -1.81202535e-02  1.07185036e-01  2.97198892e-02 -4.07747515e-02
  8.25056434e-02  1.66014396e-02  3.41592915e-02 -3.66019532e-02
 -6.99233413e-02 -9.36755259e-03  6.12366609e-02 -3.57919671e-02
  9.10646170e-02  5.35825826e-02 -9.82584804e-02  7.36293383e-03
  1.90735683e-02  2.00521629e-02  9.97296348e-03 -1.21875452e-02
  5.53885549e-02  4.17725183e-02 -9.01612565e-02  1.55073758e-02
 -1.27670348e-01  2.37071123e-02 -1.27231807e-03  1.70065258e-02
  2.34081168e-02  1.06325388e-01 -9.45460796e-02  1.73033848e-02
 -6.13765558e-03  4.39199284e-02 -2.10148375e-02  5.09875789e-02
 -1.51577473e-01  3.56933139e-02  4.81832586e-02  2.75724754e-02
  3.23626921e-02 -1.44176790e-02 -2.97143031e-02  1.02809563e-01
  5.63031659e-02 -6.24360815e-02  4.66574244e-02  6.69065979e-04
  3.08856950e-03 -3.55421677e-02  3.75277102e-02  7.50581175e-02
 -3.81126329e-02 -6.68276288e-03 -2.58841366e-03  7.90812746e-02
  2.90359240e-02  8.51752609e-02  1.88262656e-03 -1.79236047e-02
 -5.71853220e-02 -2.32184064e-02  3.84061635e-02  2.15026177e-02
  2.45548878e-02 -1.38406465e-02 -6.32764120e-03  3.45761590e-02
  9.81129035e-02  3.38437743e-02  8.85922648e-03 -6.32663841e-08
 -7.06379041e-02 -8.62309635e-02  9.11862683e-03  1.55288144e-03
  6.61301240e-02  5.03512053e-03  3.56350131e-02 -5.34575917e-02
 -4.01977114e-02 -2.75341142e-02  3.26459967e-02  1.51355108e-02
 -5.64639233e-02  2.81989500e-02  3.70745808e-02 -1.29882982e-02
 -6.78483695e-02  1.78885143e-02 -1.87236536e-02 -4.11773026e-02
  3.98310348e-02  7.99118429e-02  2.68631186e-02 -9.52809528e-02
 -5.66176698e-02 -1.88757833e-02 -5.66339716e-02  1.63087081e-02
 -2.67488565e-02  5.03876582e-02 -1.21603282e-02 -2.71262899e-02
  8.91622677e-02  4.33866829e-02  4.53468710e-02  2.09899209e-02
 -5.49148358e-02 -2.77260561e-02  1.82085426e-03  6.98183849e-02
 -6.59071207e-02  2.37102732e-02 -1.32545754e-02 -4.90987580e-03
  1.11030489e-01 -8.42643455e-02 -2.15499103e-02 -2.43272688e-02
  6.83275685e-02  7.89352804e-02  5.53907547e-03  5.27155623e-02
  1.07014738e-02 -6.44371659e-02  6.13147905e-03  3.72207761e-02
 -9.28409696e-02  4.31365259e-02 -9.60215647e-03 -5.30278906e-02
  7.96083659e-02  2.58902973e-03 -3.11104506e-02  2.92651709e-02]

Embedding 1, length384:
[-3.04556340e-02  4.08049040e-02  1.16528468e-02  8.25545043e-02
 -5.78347892e-02 -7.41130114e-02 -6.33639377e-03 -7.09382668e-02
 -1.11462936e-01 -1.61317848e-02  1.64835826e-02 -8.05155933e-02
  4.16903272e-02 -2.00701039e-02 -8.56380835e-02  6.02510273e-02
  7.74556957e-03 -1.37763172e-02  4.40227017e-02 -1.62064191e-02
 -1.49456365e-02  3.22371647e-02  3.55754048e-03  5.35938442e-02
 -2.06180662e-02 -4.32746857e-02  2.43387854e-04  3.05763073e-02
  7.87290279e-03 -6.33511692e-02  5.58965690e-02  2.03433689e-02
 -1.24442736e-02  3.16078290e-02  3.51180807e-02  3.58490944e-02
  4.71408442e-02 -8.93207788e-02  6.40924349e-02 -3.12387440e-02
  6.03138134e-02  3.29839028e-02 -4.05638292e-02 -4.38449904e-02
  4.77728527e-03  3.24305184e-02  8.28199759e-02  1.99186639e-03
 -3.33925001e-02 -1.41922280e-01 -1.91428454e-03  7.75348321e-02
  5.21511510e-02  4.48227264e-02  3.05622518e-02  5.30457720e-02
  8.65765363e-02  1.75372642e-02 -6.61703497e-02 -2.06208732e-02
 -4.15963633e-03 -5.35417497e-02 -2.36215573e-02 -3.09261419e-02
  1.12017617e-01  5.39088361e-02  1.07162763e-04 -2.30022687e-02
 -1.82188246e-02  9.48639810e-02 -1.28079357e-03 -2.60509867e-02
 -2.24063285e-02  9.38141942e-02  9.95502993e-03  1.51899299e-02
 -1.16223684e-02  2.68408600e-02  5.58976084e-02  1.32324034e-02
 -5.78133985e-02 -1.37938172e-01  3.65573950e-02  2.26655658e-02
  9.59315896e-02  2.45245025e-02 -3.99589352e-02 -2.68857442e-02
 -1.19990399e-02 -5.47453836e-02 -4.48227189e-02 -1.36753637e-02
  4.30104397e-02  6.02779575e-02  5.90590537e-02  8.15125275e-03
  8.18444416e-02 -3.46758701e-02  5.22622988e-02 -3.16751376e-02
  8.75408947e-02  1.81239229e-02 -6.85551157e-03  7.00512528e-03
  2.03485359e-02  7.18765147e-03  5.74908555e-02  4.99839298e-02
 -5.47883213e-02 -2.04451960e-02  2.08363328e-02  3.74282300e-02
  7.65424073e-02 -1.18252309e-02 -8.04938935e-03  3.01271360e-02
 -5.17867692e-02  1.32553190e-01 -9.56235901e-02 -2.51996536e-02
 -7.27885738e-02  3.89353223e-02 -7.39146546e-02 -2.20105201e-02
 -5.39160296e-02  1.51277184e-02 -8.32443610e-02  5.49885311e-33
  6.71975017e-02  7.21263289e-02 -6.26303302e-03 -1.41706597e-02
  1.42681245e-02  1.67573411e-02 -3.60146686e-02 -3.05673592e-02
 -5.68870418e-02 -4.77752239e-02  3.50111052e-02 -9.45374593e-02
 -1.38245421e-02  7.71190180e-03  1.01122014e-01 -7.10660890e-02
 -4.90302555e-02 -6.79078773e-02  3.14143971e-02 -7.19710346e-03
  5.11391759e-02 -7.44025931e-02 -3.15845385e-02 -1.99637618e-02
  1.28297359e-02  2.89386604e-02  9.00362208e-02  3.76149197e-03
 -1.42606944e-02  1.24377850e-02 -6.78821355e-02  5.73336482e-02
 -1.48402462e-02 -5.50985560e-02  2.03428920e-02 -2.81421784e-02
  2.33564600e-02  8.13964196e-03 -4.57829945e-02 -4.69633639e-02
 -1.66855417e-02  2.03273334e-02  1.13618001e-02  1.54518627e-03
 -4.00992436e-03 -3.96977179e-02  1.82440616e-02 -4.95690778e-02
  3.95020358e-02 -3.66942538e-03 -1.53412810e-02 -9.12425816e-02
 -3.79117243e-02 -1.45957689e-04  8.43173787e-02 -8.65730941e-02
  9.98954028e-02 -3.72050740e-02  1.83581188e-02  6.92366883e-02
  2.44940072e-02 -3.63587476e-02 -4.27345335e-02  1.81859303e-02
 -3.45775113e-02  1.24565855e-01 -2.71569435e-02 -4.65288907e-02
 -6.00867830e-02  1.61967557e-02 -3.34097333e-02  1.15809171e-02
  2.28410047e-02 -6.01170696e-02  6.37540296e-02 -6.88164905e-02
 -3.11738551e-02 -8.87658074e-02  6.54665753e-02 -6.75284043e-02
 -1.64779779e-02 -8.28324109e-02 -9.76820886e-02  5.09212837e-02
 -8.19765776e-02 -4.59109880e-02 -1.96394306e-02  7.95701891e-03
 -9.71941128e-02 -5.14833592e-02  1.87482941e-03 -1.14461288e-01
  1.88694641e-01  3.66386473e-02 -1.46650165e-01 -6.76504052e-33
 -7.57005811e-02  2.29466073e-02  1.96098965e-02  9.87708643e-02
  3.14069865e-03 -8.37153196e-03  1.28513854e-02 -1.65032316e-02
  5.13676777e-02 -2.23033540e-02 -5.32814339e-02 -1.01357922e-02
 -8.08984623e-04  4.39555086e-02 -2.96464451e-02 -2.50269342e-02
  7.71872280e-03 -4.61646765e-02  6.95136487e-02  5.50081655e-02
  1.48268074e-01  8.05337098e-04  7.42223440e-03 -3.51586081e-02
 -9.70343186e-04  9.28608477e-02  1.49860904e-02  1.80656835e-02
  4.49757352e-02 -5.52490614e-02  1.59392972e-02  2.42132950e-03
 -5.39273676e-03  4.52686362e-02  1.44524574e-02 -1.86856575e-02
  4.79832245e-03  1.28756389e-02 -9.56442300e-03 -4.06220891e-02
  4.52817529e-02  6.31289408e-02 -7.28535131e-02  6.62764767e-03
  5.89074120e-02  4.52296026e-02 -4.47129644e-02  2.52271015e-02
 -6.73366711e-02  3.96976955e-02 -4.18068096e-02  1.15363766e-02
  6.97849644e-03  8.43810067e-02 -3.26719843e-02  4.63057356e-03
  2.17040908e-02  1.14028208e-01  9.69202537e-03  7.48405531e-02
 -9.48168412e-02  2.09138878e-02  1.12260088e-01  4.87587042e-02
 -1.78001877e-02  8.52009282e-03 -1.98771451e-02  9.20584202e-02
  5.68711944e-02 -5.29954992e-02  3.03089190e-02  3.61438245e-02
  2.40618698e-02 -9.93410423e-02  5.25969379e-02  4.26680371e-02
 -1.14014961e-01 -5.53614018e-06  8.29978194e-03  2.20267219e-03
  5.27340807e-02 -4.96583944e-03 -4.07887064e-03  6.60992786e-02
 -8.04055575e-03 -1.37973502e-02 -9.78785846e-03 -1.57343075e-02
  3.01518068e-02 -3.09523176e-02 -4.71727736e-02  2.14673448e-02
  3.64107713e-02 -1.01047207e-03 -4.65234481e-02 -5.25333483e-08
 -4.58798707e-02 -5.25898226e-02 -1.26813594e-02 -1.09672854e-02
  8.85512978e-02 -6.89523593e-02  3.04854270e-02 -4.49534692e-02
  3.79105583e-02 -7.01143220e-02 -5.09914663e-03 -8.28724578e-02
 -3.24029550e-02 -2.17760876e-02  2.60439459e-02 -2.02704798e-02
 -1.50468415e-02  1.82939749e-02 -2.56945752e-02 -1.84990875e-02
 -1.52288955e-02  2.00655032e-03  3.98949860e-03  8.43699276e-03
 -2.28797961e-02 -4.02927957e-02 -3.76441814e-02  1.71093829e-02
 -6.63268147e-03 -3.14871632e-02 -4.09987159e-02 -5.73396124e-03
  1.28205106e-01  1.10682279e-01 -8.08022022e-02  6.39856933e-03
 -1.05280988e-02 -4.41439496e-03  7.30775967e-02  1.81567930e-02
 -6.88840821e-02 -1.59451421e-02 -3.20400037e-02 -6.41451101e-04
 -1.26974527e-02 -5.55632599e-02  1.38252070e-02 -2.96829292e-03
  1.37642315e-02  7.53173903e-02 -6.14213385e-02  2.06981432e-02
 -1.43131921e-02 -4.10587527e-02  1.95800746e-03  1.42169464e-02
 -4.21453714e-02 -3.50302085e-02 -1.47625515e-02  7.24672303e-02
  8.42454433e-02 -4.85174134e-02 -4.00648788e-02  4.83952984e-02]

